f =  0.50735 +/- 0.020971 L(0 - 1) 
m =  0.0062321 +/- 0.053675 L(-10 - 10) 
p0 =  0.0072987 +/- 0.0078458 L(0 - 1) 
s =  0.96490 +/- 0.047032 L(-10 - 10) 
